.Random.seed <-
c(10403L, 10L, -1971255235L, 497481396L, 1572085018L, -1386615195L, 
1559765759L, -871057530L, 355485968L, -1234437709L, -993746351L, 
1326150144L, 737406686L, 1508877609L, 1735928027L, 1618210794L, 
-1813557364L, 1381417167L, -540753787L, -1268513988L, -1845200366L, 
-1778560755L, 1187224135L, -2091810770L, 1227273608L, 1658899595L, 
-299653527L, 406944312L, 97757926L, 1454261889L, 1627556371L, 
-977769022L, -31758732L, -506824585L, -1443251859L, -1064239612L, 
-1229656790L, 2004126357L, 1557168431L, 276599862L, -464621472L, 
666064547L, -1248505407L, 135441840L, 308782286L, 33755705L, 
-1353767861L, 689743354L, -1449975556L, 499086655L, -610317803L, 
1404928300L, 1387622914L, -1534738211L, 1502188503L, -1746768194L, 
2079742200L, 469608155L, 678518073L, -121018232L, -1167871946L, 
-683096975L, -939888989L, -154844174L, -146966716L, 244267015L, 
1636472285L, 1111200468L, 194797050L, -1837772475L, -425708129L, 
-160528602L, 1392740272L, 1987109971L, -1518329999L, 2088523424L, 
-2056701378L, 1351668041L, -25645061L, -1958251574L, 705105196L, 
269500719L, 1385279461L, 1015164572L, -1034421518L, -385320083L, 
434996391L, 209182414L, -508636120L, -1820170197L, 345057865L, 
1327547224L, 2094550534L, 1811306465L, -438770317L, 1328254434L, 
-947486380L, -1967738793L, 588880973L, 689917924L, -1429717558L, 
-755989451L, -823770481L, -1122665578L, 2110801728L, -100668925L, 
-1112322015L, -960922864L, -1453795090L, -422094695L, 1955532075L, 
-13032422L, 440948444L, -1690468641L, -1277134667L, -360903092L, 
-510717278L, 746789373L, -1278414089L, 117068830L, -1303388456L, 
-847863237L, 1223417817L, -257489560L, 565023894L, 496046609L, 
-677958717L, 1027209170L, -779419036L, 1438859687L, 647266045L, 
1230646004L, 2078162394L, -438660827L, -443193281L, -1935226938L, 
-1781162928L, -2017677197L, 591996049L, 64410816L, -1938811234L, 
161262185L, -1765487973L, 154150826L, -827763764L, 723185295L, 
-1830687035L, -983103876L, 1750739666L, -1322811827L, -888941817L, 
-2040408338L, -562850872L, 1116521675L, -1666212567L, -2082149000L, 
711316134L, 916239553L, -1237252781L, -418774526L, 216562484L, 
1951062199L, 1219780781L, -1371898428L, -1506120214L, 778965589L, 
-1403823121L, 2076933110L, 330272032L, -589258013L, 20919169L, 
719431152L, 5610638L, -841587719L, 1217937803L, 2016501178L, 
283059388L, 394745855L, -1452280491L, 170452588L, 1253184194L, 
1009325341L, 796453783L, 1401364222L, -588063560L, -1625813349L, 
-1677402887L, -1933828536L, 1024579958L, 1817444529L, -977029917L, 
1951515570L, 184089604L, 1675558727L, -678996451L, 1154133140L, 
-1452303302L, -1213000059L, 1239066463L, -269817882L, -463762832L, 
1387224467L, -1111135695L, -189249312L, -934600322L, 341853193L, 
-675363781L, 1125247498L, -520490516L, -1284495761L, -1976071771L, 
-2124385956L, 340053298L, 1266177069L, -786994457L, -2038972402L, 
-11587096L, -1596828693L, -1138692983L, -573646824L, -292182202L, 
1431172513L, -86643661L, 562241954L, 912348308L, -2094423273L, 
-1378620147L, -667661276L, -773669878L, -838969638L, -753270896L, 
1362702076L, 415916948L, 190969922L, 1141949696L, 442491964L, 
436707664L, -854513502L, -1795008184L, 859055884L, -941010212L, 
5147986L, -1412899712L, -2000592812L, -695978008L, -1699806982L, 
1038232400L, -1969184980L, 202922356L, 1335905170L, 842197088L, 
969663884L, -1326105760L, -2073589278L, -3740760L, 994942156L, 
-1405257732L, 1270613426L, 724954608L, -737485884L, 742661464L, 
-1220628102L, 1366944688L, -1053326916L, -1557419948L, 796561346L, 
-643246048L, -1831315268L, -1047133616L, -1525208094L, -1010268056L, 
190684236L, -67864324L, -1438622734L, -427116288L, -1100979852L, 
-854547448L, -948568134L, -1033285168L, 1003174892L, 1348286868L, 
1419215314L, 350843232L, 1210183500L, -1389156064L, 979941250L, 
1537650408L, -2034048788L, 23241788L, -1276077198L, 517899888L, 
-1982510044L, -237182152L, 1713036442L, -1330025776L, 1742119100L, 
1330790036L, -965644670L, 1795512512L, 746388284L, -510817136L, 
-344711646L, -71458808L, -481180404L, -1236040548L, -343220718L, 
1184419712L, 40445460L, -1430617560L, 1849748794L, -1285799472L, 
-794231700L, 1076664628L, 1071181458L, -1407134880L, -367778996L, 
270989280L, 1573590946L, -964954200L, 673090956L, -866357060L, 
-1530949262L, -2103456528L, -488370108L, 300284248L, 708755002L, 
-2087036048L, -188229572L, 212244244L, -671220286L, 1730269920L, 
1137176444L, 1951375056L, -2142932830L, 1643144232L, -1993816820L, 
921800636L, 1776578866L, 1716072896L, 1011530292L, 24294344L, 
-1937043270L, 1445964176L, -220460564L, -1196000684L, -495376238L, 
-621877472L, -1244868148L, 1857357280L, 1933244098L, 117505064L, 
1930893996L, -1034980164L, -1359535630L, -122887888L, -1066943324L, 
-741372232L, 910421338L, -761975408L, 1847597948L, 1475559700L, 
-117419198L, 648841984L, -1449183300L, 1623631696L, 1595798306L, 
-1404455608L, -218398196L, -797476772L, -1279109934L, -1968709120L, 
-290138796L, -872406552L, -136000518L, 288207056L, 385658156L, 
7275252L, -643255918L, 1455285344L, -1301779188L, -1499823392L, 
-404410014L, 725260968L, 1917674060L, -168851076L, -20857550L, 
785588336L, 1645920068L, -1651337768L, 962198650L, 1579568688L, 
-713305412L, -1764411564L, -1659202494L, -443032160L, 699075260L, 
2113376720L, 266540386L, -1999716376L, 224591820L, 1551369980L, 
886544882L, -1822519168L, 1291246836L, -370106744L, -91910342L, 
-968164528L, 1972854380L, -1487890284L, 1566239058L, -391473440L, 
-1467802932L, 179531936L, -1550443646L, 831607528L, 564982508L, 
-1089467332L, -459879822L, -1439841168L, 1444437540L, -1863631816L, 
-1305319398L, -107865392L, -2107036612L, 367715476L, 715119746L, 
1999192000L, -1989496516L, -1608729968L, -1650629598L, 16630792L, 
-413882228L, -312724452L, -278008174L, -17439616L, -1251102700L, 
997391656L, -1840189894L, 718851280L, 12559468L, -377765196L, 
-1372401646L, 701847520L, -297838644L, 730824160L, -1705667038L, 
2034139432L, -1061791476L, -918346180L, -2034257678L, -601324816L, 
1145242436L, 1642394200L, -425092550L, 1634385648L, -1717943108L, 
851476923L, -678576227L, -1170903734L, 427205992L, -752129199L, 
1166297155L, -1623994044L, 1190636018L, 1901116359L, -484520559L, 
-143154922L, -98487948L, -748066811L, -821088177L, 371717192L, 
-1060050458L, 216872723L, 857776245L, 777478738L, 639337632L, 
-1550279287L, 1099705787L, -2056726004L, -1057221734L, 168540943L, 
-410142375L, -130184210L, -685862276L, -1051528467L, 62694807L, 
973168224L, 1082164286L, 11076875L, 1010562957L, 1839432890L, 
-1162312968L, -1461856095L, -252347309L, 1310289780L, -1530733310L, 
796943767L, -697262239L, -959722586L, -943315548L, 1394793557L, 
-1210928897L, 1097344408L, -498266442L, 68562755L, -26402171L, 
-570218718L, 189076496L, -1750132807L, 1171511403L, -1095716004L, 
-1322548598L, -817684865L, 1646448585L, 920331358L, 993259276L, 
904040157L, 921909223L, 1626283024L, -1094094546L, -2116717093L, 
-874349891L, -957308886L, 1139955912L, 2004450801L, 1601833827L, 
-1582560412L, -1921547630L, 1988755303L, -2071195343L, 677034614L, 
-1737643116L, 766869413L, 1526427823L, -794432152L, -923054778L, 
-488510221L, -1800719787L, 1277824562L, 2008402944L, -2105507607L, 
-1567230117L, 1832685996L, 299397562L, -1891790993L, -1394970375L, 
-274774642L, -464848804L, 2053757645L, -1725137353L, 2049828032L, 
762452894L, -304306069L, -781105171L, 1587120730L, 611773720L, 
835000961L, 48515123L, -131862956L, 449055330L, 1749605623L, 
1105528641L, 984974790L, 296113924L, -520281419L, 209599903L, 
-1017728520L, 1180696534L, 230873699L, 797450789L, 321694146L, 
-255512912L, 1342117593L, -1156263861L, 224243388L, 1775484138L, 
-142350049L, 2066626985L, -52224194L, -1332680148L, 22075517L, 
-1026839865L, 384127920L, -877132338L, -636553477L, -1888785059L, 
-644225398L, 1711023272L, 1681121297L, 1129378051L, 133520388L, 
1517540402L, -341959545L, -2019125039L, 713194070L, -1600380364L, 
1354516805L, -1883630705L, 2020726536L, -1068760794L, 964870611L, 
252513077L, -1974334830L, 217919072L, 1766143945L, 1885865723L, 
